N = Tamanho do grafo
Q = Número de conexões 
U, V = Vértices conectados
Formato do input:
N Q
U V
U V
$
3 2
1 2
2 3
$
3 3
1 2
2 3
3 1
$
4 3
1 2
2 3
3 4
$
4 4
1 2
1 4
3 2
3 4
$
4 6
1 2
1 3
1 4
2 3
2 4
3 4
$
5 5
1 2
1 4
4 2
3 2
5 4
$
5 4
1 2
1 4
3 2
5 4
$
6 4
1 2
1 4
3 6
5 4
5 3
$
7 7
1 2
2 5
4 3
3 5
6 5
5 4
4 7
$
7 7
1 2
2 3
4 3
3 5
6 5
5 4
4 7
$
7 7
1 2
1 4
4 3
3 5
6 5
5 4
4 7
$
7 7
1 2
1 4
4 3
3 6
6 5
5 4
4 7
$
8 8
1 2
1 4
1 6 
1 8 
3 2
3 4
5 6
7 8
$
8 8
1 2
1 4
2 6 
1 8 
4 2
3 4
5 6
7 8
$
8 8
2 7
2 5
2 3
2 1
4 7 
4 5
6 3
8 1
$
9 8
1 2
1 5
1 6
3 7
3 9
4 5
8 6
9 7
$
9 8
1 2
1 5
1 6
3 7 
3 2
4 5
8 6
9 7
$
10 8
1 2
1 5
1 6
3 7
3 10
4 6
8 7
9 10
$
